id;creation_date
1;2019-10-10T02:37:15
2;2019-10-10T20:06:38
3;2019-10-09T21:50:28
4;2019-10-10T21:33:49
5;2019-10-10T13:22:28
6;2019-10-10T20:31:37
7;2019-10-10T03:22:45
8;2019-10-10T19:39:59
9;2019-10-10T12:08:43
10;2019-10-10T20:53:21
